5 0.881 0.6706666666666666 0.182 0.22666666666666666
5 0.644 0.6733333333333333 0.204 0.20533333333333334
5 0.642 0.8106666666666666 0.204 0.16
5 0.417 0.796 0.178 0.15733333333333333
5 0.434 0.6426666666666667 0.184 0.19733333333333333
5 0.24 0.6226666666666667 0.176 0.21066666666666667
5 0.238 0.7986666666666666 0.172 0.14133333333333334
5 0.236 0.32266666666666666 0.204 0.208
5 0.226 0.14933333333333335 0.196 0.21333333333333335
5 0.448 0.14533333333333334 0.2 0.2
5 0.455 0.3586666666666667 0.222 0.264
5 0.655 0.17466666666666666 0.194 0.23733333333333334
5 0.701 0.36933333333333335 0.27 0.23733333333333334
5 0.871 0.152 0.19 0.208
5 0.889 0.36133333333333334 0.222 0.25333333333333335
5 0.058 0.15466666666666667 0.112 0.20266666666666666
5 0.118 0.34933333333333333 0.224 0.25066666666666665
