5 0.413 0.5181159420289855 0.042 0.09420289855072464
5 0.342 0.49818840579710144 0.048 0.17028985507246377
5 0.043 0.5887681159420289 0.034 0.09057971014492754
5 0.029 0.6358695652173914 0.046 0.10507246376811594
5 0.028 0.6702898550724637 0.048 0.13043478260869565
5 0.03 0.782608695652174 0.056 0.15942028985507245
5 0.087 0.625 0.03 0.12681159420289856
5 0.115 0.6757246376811594 0.054 0.19927536231884058
5 0.172 0.6902173913043478 0.084 0.18478260869565216
5 0.303 0.6992753623188406 0.066 0.2826086956521739
5 0.436 0.8315217391304348 0.056 0.32971014492753625
5 0.514 0.8170289855072463 0.096 0.358695652173913
5 0.449 0.6539855072463768 0.054 0.2427536231884058
5 0.512 0.605072463768116 0.032 0.2028985507246377
5 0.553 0.6177536231884058 0.026 0.20652173913043478
5 0.587 0.6068840579710145 0.038 0.2210144927536232
5 0.581 0.6358695652173914 0.046 0.20652173913043478
5 0.632 0.6268115942028986 0.044 0.18840579710144928
5 0.674 0.605072463768116 0.028 0.21739130434782608
5 0.699 0.6286231884057971 0.034 0.19202898550724637
5 0.72 0.730072463768116 0.04 0.322463768115942
5 0.804 0.6811594202898551 0.052 0.26811594202898553
5 0.767 0.6304347826086957 0.026 0.2391304347826087
5 0.847 0.7572463768115942 0.034 0.3695652173913043
5 0.859 0.5869565217391305 0.034 0.15217391304347827
5 0.905 0.552536231884058 0.034 0.09782608695652174
5 0.968 0.6177536231884058 0.048 0.10507246376811594
3 0.291 0.6213768115942029 0.386 0.2644927536231884
5 0.911 0.625 0.038 0.06884057971014493
5 0.982 0.8333333333333334 0.036 0.32608695652173914
5 0.915 0.8369565217391305 0.114 0.3188405797101449
5 0.709 0.9420289855072463 0.09 0.11594202898550725
