1 0.622 0.6786666666666666 0.204 0.30133333333333334
1 0.545 0.608 0.186 0.24
1 0.32 0.624 0.224 0.2826666666666667
5 0.306 0.5053333333333333 0.184 0.424
5 0.513 0.444 0.118 0.216
5 0.616 0.5253333333333333 0.188 0.384
5 0.037 0.3253333333333333 0.054 0.13866666666666666
5 0.095 0.3333333333333333 0.066 0.13333333333333333
5 0.152 0.328 0.052 0.13333333333333333
5 0.093 0.48 0.134 0.29333333333333333
5 0.172 0.488 0.1 0.256
5 0.223 0.408 0.066 0.128
5 0.702 0.352 0.068 0.112
5 0.765 0.3506666666666667 0.05 0.11466666666666667
5 0.815 0.44666666666666666 0.07 0.31733333333333336
5 0.873 0.3626666666666667 0.054 0.10133333333333333
5 0.943 0.45466666666666666 0.098 0.2906666666666667
