5 0.047 0.5653333333333334 0.09 0.4266666666666667
5 0.185 0.37466666666666665 0.138 0.21066666666666667
5 0.267 0.42 0.09 0.14133333333333334
5 0.433 0.516 0.098 0.44
5 0.502 0.632 0.152 0.4106666666666667
5 0.274 0.7773333333333333 0.14 0.408
5 0.047 0.8973333333333333 0.09 0.20533333333333334
5 0.147 0.8906666666666667 0.122 0.21866666666666668
5 0.264 0.904 0.088 0.192
5 0.378 0.8826666666666667 0.124 0.23466666666666666
5 0.341 0.956 0.11 0.088
5 0.972 0.572 0.056 0.344
5 0.958 0.48133333333333334 0.084 0.3973333333333333
5 0.827 0.428 0.146 0.41333333333333333
