2 0.403 0.4013333333333333 0.798 0.6906666666666667
3 0.822 0.48 0.06 0.12266666666666666
5 0.987 0.4533333333333333 0.018 0.058666666666666666
5 0.945 0.44666666666666666 0.01 0.050666666666666665
5 0.905 0.45466666666666666 0.014 0.056
5 0.919 0.444 0.014 0.04533333333333334
5 0.872 0.4573333333333333 0.02 0.04533333333333334
5 0.674 0.20666666666666667 0.028 0.04
5 0.64 0.208 0.028 0.037333333333333336
5 0.6 0.18933333333333333 0.036 0.042666666666666665
5 0.558 0.17066666666666666 0.036 0.037333333333333336
5 0.511 0.156 0.042 0.04
5 0.458 0.13866666666666666 0.036 0.048
5 0.397 0.11866666666666667 0.066 0.072
5 0.62 0.44133333333333336 0.036 0.050666666666666665
5 0.654 0.43066666666666664 0.028 0.056
